"GeneratedData" <-
structure(list(n = 10, paramlist = structure(list(paramhaz = structure(list(
    shape = 2, scale = 1), .Names = c("shape", "scale")), alpha0 = 0.95, 
    beta0 = c(0.5, 1), frailty = TRUE, paramxi = 4, paramtau = structure(list(
        type = "UNIF", params = c(5, 10)), .Names = c("type", 
    "params")), parameffage = structure(list(perrep = 0.6), .Names = "perrep"), 
    paramcov = structure(list(dim = 2, prob = 0.5, meanx = 0, 
        stdx = 1), .Names = c("dim", "prob", "meanx", "stdx"))), .Names = c("paramhaz", 
"alpha0", "beta0", "frailty", "paramxi", "paramtau", "parameffage", 
"paramcov")), subject = list(structure(list(k = 16, tau = 8.77594825084693, 
    caltimes = c(0, 0.312759263503174, 1.14144412839035, 1.16499895498948, 
    1.32927419886719, 2.04374474635779, 2.57270628955513, 3.43131855298285, 
    4.37824721964226, 4.49232815736563, 5.20607536268245, 5.34829973070651, 
    5.5800234245118, 6.69031022068605, 6.94022001085194, 7.79721492342636
    ), gaptimes = c(0, 0.312759263503174, 0.828684864887179, 
    0.0235548265991327, 0.16427524387771, 0.714470547490596, 
    0.528961543197343, 0.858612263427712, 0.946928666659415, 
    0.114080937723365, 0.713747205316819, 0.142224368024068, 
    0.231723693805282, 1.11028679617426, 0.249909790165887, 0.856994912574418
    ), censored = 0.978733327420567, intercepts = c(0, 0, 0, 
    0, 0, 0, 0, 0, 0, 0, 0, 0, 0, 0, 0, 0), slopes = c(1, 1, 
    1, 1, 1, 1, 1, 1, 1, 1, 1, 1, 1, 1, 1, 1), lastperrep = c(1, 
    2, 2, 4, 5, 5, 7, 8, 8, 10, 10, 10, 13, 13, 15, 16), perrepind = c(1, 
    1, 0, 1, 1, 0, 1, 1, 0, 1, 0, 0, 1, 0, 1, 1), effagebegin = c(0, 
    0, 0.828684864887179, 0, 0, 0.714470547490596, 0, 0, 0.946928666659415, 
    0, 0.713747205316819, 0.855971573340887, 0, 1.11028679617426, 
    0, 0), effage = c(0, 0.312759263503174, 0.828684864887179, 
    0.852239691486311, 0.16427524387771, 0.714470547490596, 1.24343209068794, 
    0.858612263427712, 0.946928666659415, 1.06100960438278, 0.713747205316819, 
    0.855971573340887, 1.08769526714617, 1.11028679617426, 1.36019658634014, 
    0.856994912574418), covariate = structure(c(0, -0.115110351998995, 
    0, -0.115110351998995, 0, -0.115110351998995, 0, -0.115110351998995, 
    0, -0.115110351998995, 0, -0.115110351998995, 0, -0.115110351998995, 
    0, -0.115110351998995, 0, -0.115110351998995, 0, -0.115110351998995, 
    0, -0.115110351998995, 0, -0.115110351998995, 0, -0.115110351998995, 
    0, -0.115110351998995, 0, -0.115110351998995, 0, -0.115110351998995
    ), .Dim = c(2, 16)), Z = 1.52126397100552), .Names = c("k", 
"tau", "caltimes", "gaptimes", "censored", "intercepts", "slopes", 
"lastperrep", "perrepind", "effagebegin", "effage", "covariate", 
"Z")), structure(list(k = 22, tau = 9.11268692675808, caltimes = c(0, 
0.709529245003239, 0.924726619387821, 1.51176116939939, 1.65847283592705, 
1.68271083861156, 2.84260003444062, 3.15392219372166, 3.90261566445663, 
4.27989093001554, 4.4167410168489, 4.91965698403062, 4.95060245270154, 
5.23082345920531, 6.04999183140295, 6.33353230321567, 6.8075144301803, 
7.15276481803093, 7.68354837217188, 7.92604645715718, 7.92639851453652, 
8.29456855480514), gaptimes = c(0, 0.709529245003239, 0.215197374384583, 
0.58703455001157, 0.146711666527654, 0.0242380026845151, 1.15988919582905, 
0.311322159281047, 0.748693470734972, 0.377275265558904, 0.136850086833361, 
0.502915967181716, 0.0309454686709256, 0.280221006503773, 0.81916837219764, 
0.283540471812712, 0.473982126964628, 0.345250387850635, 0.530783554140954, 
0.242498084985297, 0.000352057379342963, 0.368170040268621), 
    censored = 0.818118371952933, intercepts = c(0, 0, 0, 0, 
    0, 0, 0, 0, 0, 0, 0, 0, 0, 0, 0, 0, 0, 0, 0, 0, 0, 0), slopes = c(1, 
    1, 1, 1, 1, 1, 1, 1, 1, 1, 1, 1, 1, 1, 1, 1, 1, 1, 1, 1, 
    1, 1), lastperrep = c(1, 2, 3, 3, 3, 6, 6, 8, 8, 8, 8, 8, 
    13, 13, 15, 16, 16, 16, 16, 16, 21, 22), perrepind = c(1, 
    1, 1, 0, 0, 1, 0, 1, 0, 0, 0, 0, 1, 0, 1, 1, 0, 0, 0, 0, 
    1, 1), effagebegin = c(0, 0, 0, 0.58703455001157, 0.733746216539224, 
    0, 1.15988919582905, 0, 0.748693470734972, 1.12596873629388, 
    1.26281882312724, 1.76573479030895, 0, 0.280221006503774, 
    0, 0, 0.473982126964628, 0.819232514815263, 1.35001606895622, 
    1.59251415394151, 0, 0), effage = c(0, 0.709529245003239, 
    0.215197374384583, 0.58703455001157, 0.733746216539224, 0.75798421922374, 
    1.15988919582905, 1.4712113551101, 0.748693470734972, 1.12596873629388, 
    1.26281882312724, 1.76573479030895, 1.79668025897988, 0.280221006503774, 
    1.09938937870141, 0.283540471812713, 0.473982126964628, 0.819232514815263, 
    1.35001606895622, 1.59251415394151, 1.59286621132086, 0.368170040268621
    ), covariate = structure(c(1, -0.420403793407397, 1, -0.420403793407397, 
    1, -0.420403793407397, 1, -0.420403793407397, 1, -0.420403793407397, 
    1, -0.420403793407397, 1, -0.420403793407397, 1, -0.420403793407397, 
    1, -0.420403793407397, 1, -0.420403793407397, 1, -0.420403793407397, 
    1, -0.420403793407397, 1, -0.420403793407397, 1, -0.420403793407397, 
    1, -0.420403793407397, 1, -0.420403793407397, 1, -0.420403793407397, 
    1, -0.420403793407397, 1, -0.420403793407397, 1, -0.420403793407397, 
    1, -0.420403793407397, 1, -0.420403793407397), .Dim = c(2, 
    22)), Z = 2.29596457556778), .Names = c("k", "tau", "caltimes", 
"gaptimes", "censored", "intercepts", "slopes", "lastperrep", 
"perrepind", "effagebegin", "effage", "covariate", "Z")), structure(list(
    k = 6, tau = 6.0207909487702, caltimes = c(0, 1.08000750317814, 
    2.03567365658277, 3.53334241430845, 4.03293921201046, 6.00465722565319
    ), gaptimes = c(0, 1.08000750317814, 0.95566615340463, 1.49766875772568, 
    0.49959679770201, 1.97171801364273), censored = 0.016133723117, 
    intercepts = c(0, 0, 0, 0, 0, 0), slopes = c(1, 1, 1, 1, 
    1, 1), lastperrep = c(1, 1, 3, 3, 3, 6), perrepind = c(1, 
    0, 1, 0, 0, 1), effagebegin = c(0, 1.08000750317814, 0, 1.49766875772568, 
    1.99726555542769, 0), effage = c(0, 1.08000750317814, 2.03567365658277, 
    1.49766875772568, 1.99726555542769, 3.96898356907042), covariate = structure(c(1, 
    -0.668198516471912, 1, -0.668198516471912, 1, -0.668198516471912, 
    1, -0.668198516471912, 1, -0.668198516471912, 1, -0.668198516471912
    ), .Dim = c(2, 6)), Z = 0.419101821959612), .Names = c("k", 
"tau", "caltimes", "gaptimes", "censored", "intercepts", "slopes", 
"lastperrep", "perrepind", "effagebegin", "effage", "covariate", 
"Z")), structure(list(k = 5, tau = 7.97103563742038, caltimes = c(0, 
1.4623540605411, 2.25803907059943, 5.40190411834801, 6.3687341926064
), gaptimes = c(0, 1.4623540605411, 0.795685010058332, 3.14386504774859, 
0.96683007425839), censored = 1.60230144481397, intercepts = c(0, 
0, 0, 0, 0), slopes = c(1, 1, 1, 1, 1), lastperrep = c(1, 1, 
3, 4, 5), perrepind = c(1, 0, 1, 1, 1), effagebegin = c(0, 1.4623540605411, 
0, 0, 0), effage = c(0, 1.4623540605411, 2.25803907059943, 3.14386504774859, 
0.96683007425839), covariate = structure(c(0, -0.855791360641568, 
0, -0.855791360641568, 0, -0.855791360641568, 0, -0.855791360641568, 
0, -0.855791360641568), .Dim = c(2, 5)), Z = 0.442454758338677), .Names = c("k", 
"tau", "caltimes", "gaptimes", "censored", "intercepts", "slopes", 
"lastperrep", "perrepind", "effagebegin", "effage", "covariate", 
"Z")), structure(list(k = 9, tau = 6.53854078881874, caltimes = c(0, 
1.45362197464476, 1.50230490847745, 1.79258743605694, 3.11156271097629, 
3.39721200647567, 3.60163874322, 5.630416409869, 6.23219063076287
), gaptimes = c(0, 1.45362197464476, 0.048682933832688, 0.290282527579492, 
1.31897527491935, 0.285649295499373, 0.20442673674433, 2.02877766664901, 
0.601774220893865), censored = 0.306350158055877, intercepts = c(0, 
0, 0, 0, 0, 0, 0, 0, 0), slopes = c(1, 1, 1, 1, 1, 1, 1, 1, 1
), lastperrep = c(1, 1, 1, 4, 4, 4, 7, 7, 7), perrepind = c(1, 
0, 0, 1, 0, 0, 1, 0, 0),