"lymphoma" <-
structure(list(id = c(6, 7, 8, 11, 11, 11, 12, 12, 13, 13, 13, 
14, 14, 14, 14, 15, 16, 16, 16, 16, 17, 18, 18, 19, 20, 20, 21, 
21, 21, 22, 22, 22, 22, 23, 23, 23, 23, 24, 25, 26, 28, 28, 29, 
29, 30, 30, 30, 30, 31, 33, 78, 78, 83, 86, 93, 93, 93, 93, 103, 
119, 119, 119, 124, 125, 125, 127, 128, 129, 171, 172, 180, 181, 
181, 181, 181, 185, 185, 187, 194, 200, 207, 207, 207, 207, 232, 
233, 233, 233, 234, 245, 253, 258, 265, 268, 271, 271, 271, 271, 
279, 279, 285, 296, 312, 312, 320, 321, 328, 328, 344, 355, 355, 
356), time = c(3.90082644628099, 63.1735537190083, 41.2892561983471, 
29.4214876033058, 20.8264462809917, 17.9504132231405, 10.0495867768595, 
67.1735537190083, 16.9917355371901, 13.7190082644628, 10.3140495867769, 
7.1404958677686, 8.3305785123967, 4.39669421487603, 66.6115702479339, 
23.0082644628099, 9.1900826446281, 26.7107438016529, 6.4793388429752, 
11.6198347107438, 29.4876033057851, 13.9504132231405, 48.297520661157, 
66.1818181818182, 120.760330578512, 0, 8.95867768595041, 81.8181818181818, 
71.2396694214876, 5.22314049586777, 27.1074380165289, 10.4793388429752, 
85.9834710743802, 15.5371900826446, 12.4297520661157, 9.42148760330578, 
0, 58.4793388429752, 29.1900826446281, 25.5537190082645, 32.0330578512397, 
31.5371900826446, 21.1239669421488, 13.7851239669421, 12.4628099173554, 
6.14876033057851, 10.1818181818182, 7.76859504132231, 52.7603305785124, 
17.4545454545455, 9.88429752066116, 26.2148760330578, 52.495867768595, 
72.7603305785124, 62.9421487603306, 8.36363636363636, 8.06611570247934, 
14.0165289256198, 3.47107438016529, 8.7603305785124, 7.66942148760331, 
35.1735537190083, 12.8264462809917, 10.0495867768595, 0.991735537190083, 
40.5619834710744, 42.0826446280992, 2.28099173553719, 0.958677685950413, 
5.02479338842975, 14.9090909090909, 25.4214876033058, 7.76859504132231, 
8.29752066115702, 0.495867768595041, 26.3471074380165, 9.58677685950413, 
7.63636363636364, 18.4462809917355, 2.24793388429752, 3.33884297520661, 
12.2644628099174, 21.9173553719008, 3.07438016528926, 6.57851239669422, 
11.6363636363636, 37.0578512396694, 16.099173553719, 26.9752066115702, 
4.16528925619835, 43.603305785124, 5.81818181818182, 2.04958677685950, 
2.90909090909091, 7.43801652892562, 13.2892561983471, 1.85123966942149, 
15.8677685950413, 6.24793388429752, 2.31404958677686, 5.15702479338843, 
10.2148760330579, 11.1404958677686, 19.2066115702479, 23.2396694214876, 
6.57851239669422, 23.1074380165289, 17.1239669421488, 11.4710743801653, 
5.52066115702479, 0.694214876033057, 30.5785123966942), event = c(0, 
0, 0, 1, 1, 0, 1, 0, 1, 1, 0, 1, 1, 1, 0, 0, 1, 1, 1, 0, 0, 1, 
0, 0, 1, 0, 1, 1, 0, 1, 1, 1, 0, 1, 1, 1, 0, 0, 0, 0, 1, 0, 1, 
0, 1, 1, 1, 0, 0, 0, 1, 0, 0, 0, 1, 1, 1, 0, 0, 1, 1, 0, 0, 1, 
0, 0, 0, 0, 0, 0, 0, 1, 1, 1, 0, 1, 0, 0, 0, 0, 1, 1, 1, 0, 0, 
1, 1, 0, 0, 0, 0, 0, 0, 0, 1, 1, 1, 0, 1, 0, 0, 0, 1, 0, 0, 0, 
1, 0, 0, 1, 0, 0), enum = c(1, 1, 1, 1, 2, 3, 1, 2, 1, 2, 3, 
1, 2, 3, 4, 1, 1, 2, 3, 4, 1, 1, 2, 1, 1, 1, 1, 2, 3, 1, 2, 3, 
4, 1, 2, 3, 3, 1, 1, 1, 1, 2, 1, 2, 1, 2, 3, 4, 1, 1, 1, 2, 1, 
1, 1, 2, 3, 4, 1, 1, 2, 3, 1, 1, 2, 1, 1, 1, 1, 1, 1, 1, 2, 3, 
4, 1, 2, 1, 1, 1, 1, 2, 3, 4, 1, 1, 2, 3, 1, 1, 1, 1, 1, 1, 1, 
2, 3, 4, 1, 2, 1, 1, 1, 2, 1, 1, 1, 2, 1, 1, 2, 1), delay = c(17, 
33, 26, 31, 31, 31, 4, 4, 20, 20, 20, 20, 20, 20, 20, 14, 55, 
55, 55, 55, 75, 77, 77, 12, 16, 16, 29, 29, 29, 48, 48, 48, 48, 
22, 22, 22, 22, 90, 72, 1, 8, 8, 4, 4, 1, 1, 1, 1, 24, 33, 12, 
12, 3, 0, 47, 47, 47, 47, 2, 9, 9, 9, 73, 60, 60, 27, 6, 24, 
8, 33, 20, 144, 144, 144, 144, 5, 5, 15, 4, 4, 24, 24, 24, 24, 
5, 6, 6, 6, 32, 12, 100, 17, 12, 12, 5, 5, 5, 5, 12, 12, 2, 12, 
9, 9, 6, 1, 23, 23, 29, 82, 82, 96), age = c(79, 25, 37, 43, 
43, 43, 41, 41, 67, 67, 67, 51, 51, 51, 51, 24, 46, 46, 46, 46, 
56, 25, 25, 39, 25, 25, 64, 64, 64, 47, 47, 47, 47, 73, 73, 73, 
73, 88, 37, 52, 24, 24, 69, 69, 63, 63, 63, 63, 44, 53, 25, 25, 
54, 74, 64, 64, 64, 64, 50, 22, 22, 22, 40, 52, 52, 47, 51, 38, 
55, 40, 38, 51, 51, 51, 51, 31, 31, 69, 73, 49, 32, 32, 32, 32, 
87, 50, 50, 50, 42, 33, 65, 52, 46, 43, 61, 61, 61, 61, 29, 29, 
42, 22, 61, 61, 84, 21, 47, 47, 102, 34, 34, 39), sex = c(1, 
1, 1, 2, 2, 2, 2, 2, 2, 2, 2, 1, 1, 1, 1, 1, 1, 1, 1, 1, 2, 1, 
1, 1, 1, 1, 1, 1, 1, 1, 1, 1, 1, 1, 1, 1, 1, 1, 1, 2, 1, 1, 1, 
1, 2, 2, 2, 2, 1, 1, 1, 1, 2, 2, 1, 1, 1, 1, 2, 2, 2, 2, 1, 1, 
1, 1, 1, 2, 1, 1, 1, 2, 2, 2, 2, 2, 2, 2, 2, 2, 1, 1, 1, 1, 1, 
1, 1, 1, 1, 1, 1, 1, 1, 2, 1, 1, 1, 1, 1, 1, 1, 1, 2, 2, 2, 1, 
2, 2, 1, 2, 2, 2), distrib = c(1, 1, 2, 2, 2, 2, 0, 0, 2, 2, 
2, 1, 1, 1, 1, 1, 1, 1, 1, 1, 1, 1, 1, 0, 2, 2, 1, 1, 1, 3, 3, 
3, 3, 1, 1, 1, 1, 1, 1, 0, 2, 2, 1, 1, 2, 2, 2, 2, 1, 0, 2, 2, 
0, 0, 1, 1, 1, 1, 0, 1, 1, 1, 3, 2, 2, 1, 1, 2, 0, 0, 0, 1, 1, 
1, 1, 0, 0, 3, 0, 0, 2, 2, 2, 2, 2, 2, 2, 2, 1, 0, 2, 1, 0, 0, 
2, 2, 2, 2, 0, 0, 1, 0, 0, 0, 0, 0, 0, 0, 1, 2, 2, 0), effage = c("CR", 
"CR", "CR", "CR", "CR", "CR", "CR", "CR", "CR", "CR", "PR", "CR", 
"PR", "SD", "CR", "CR", "CR", "CR", "CR", "CR", "CR", "CR", "CR", 
"CR", "CR", "CR", "CR", "CR", "CR", "CR", "CR", "CR", "PR", "CR", 
"CR", "CR", "CR", "CR", "CR", "CR", "CR", "CR", "CR", "CR", "CR", 
"CR", "PR", "PR", "CR", "CR", "CR", "CR", "CR", "CR", "CR", "PR", 
"PR", "PR", "CR", "CR", "CR", "CR", "CR", "CR", "CR", "CR", "CR", 
"CR", "CR", "CR", "CR", "CR", "CR", "CR", "CR", "CR", "SD", "CR", 
"CR", "CR", "CR", "CR", "CR", "CR", "CR", "CR", "PR", "CR", "CR", 
"CR", "CR", "CR", "CR", "CR", "CR", "CR", "CR", "CR", "CR", "CR", 
"CR", "CR", "CR", "CR", "CR", "CR", "CR", "CR", "CR", "CR", "CR", 
"CR")), .Names = c("id", "time", "event", "enum", "delay", "age", 
"sex", "distrib", "effage"), class = "data.frame", row.names = c("1", 
"2", "3", "4", "5", "6", "7", "8", "9", "10", "11", "12", "13", 
"14", "15", "16", "17", "18", "19", "20", "21", "22", "23", "24", 
"25", "26", "27", "28", "29", "30", "31", "32", "33", "34", "35", 
"36", "37", "38", "39", "40", "41", "42", "43", "44", "45", "46", 
"47", "48", "49", "50", "51", "52", "53", "54", "55", "56", "57", 
"58", "59", "60", "61", "62", "63", "64", "65", "66", "67", "68", 
"69", "70", "71", "72", "73", "74", "75", "76", "77", "78", "79", 
"80", "81", "82", "83", "84", "85", "86", "87", "88", "89", "90", 
"91", "92", "93", "94", "95", "96", "97", "98", "99", "100", 
"101", "102", "103", "104", "105", "106", "107", "108", "109", 
"110", "111", "112"))
